[gd_scene load_steps=7 format=3 uid="uid://duuj8y4ltnxx4"]

[sub_resource type="Environment" id="Environment_d64m3"]
background_mode = 1

[sub_resource type="StandardMaterial3D" id="StandardMaterial3D_pwhxc"]
albedo_color = Color(0.0470588, 0.286275, 0.431373, 1)

[sub_resource type="BoxMesh" id="BoxMesh_vmflo"]
size = Vector3(50, 1, 50)

[sub_resource type="ConcavePolygonShape3D" id="ConcavePolygonShape3D_yfs2j"]
data = PackedVector3Array(-25, 0.5, 25, 25, 0.5, 25, -25, -0.5, 25, 25, 0.5, 25, 25, -0.5, 25, -25, -0.5, 25, 25, 0.5, -25, -25, 0.5, -25, 25, -0.5, -25, -25, 0.5, -25, -25, -0.5, -25, 25, -0.5, -25, 25, 0.5, 25, 25, 0.5, -25, 25, -0.5, 25, 25, 0.5, -25, 25, -0.5, -25, 25, -0.5, 25, -25, 0.5, -25, -25, 0.5, 25, -25, -0.5, -25, -25, 0.5, 25, -25, -0.5, 25, -25, -0.5, -25, 25, 0.5, 25, -25, 0.5, 25, 25, 0.5, -25, -25, 0.5, 25, -25, 0.5, -25, 25, 0.5, -25, -25, -0.5, 25, 25, -0.5, 25, -25, -0.5, -25, 25, -0.5, 25, 25, -0.5, -25, -25, -0.5, -25)

[sub_resource type="Curve3D" id="Curve3D_wmxad"]
_data = {
"points": PackedVector3Array(0, 0, 0, 0, 0, 0, 0.301943, 0.00188065, -0.105051, 0, 0, 0, 0, 0, 0, 7.67316, -2.46539, -1.75172),
"tilts": PackedFloat32Array(0, 0)
}
point_count = 2

[sub_resource type="Curve3D" id="Curve3D_aab18"]
_data = {
"points": PackedVector3Array(0, 0, 0, 0, 0, 0, 0.301943, 0.00188065, -0.105051, -2.02094, -0.0855765, 0.0303774, 2.02094, 0.0855765, -0.0303774, 4.16931, 0.388426, -1.12774, 0, 0, 0, 0, 0, 0, 7.14323, -0.606742, -1.18155, 0, 0, 0, 0, 0, 0, 7.77967, -2.15524, 0.0646367),
"tilts": PackedFloat32Array(0, 0, 0, 0)
}
point_count = 4

[node name="Node3D" type="Node3D"]

[node name="StaticBody3D" type="StaticBody3D" parent="."]
transform = Transform3D(1, 0, 0, 0, 1, 0, 0, 0, 1, -0.938075, -0.642521, 0.163372)

[node name="Camera3D" type="Camera3D" parent="."]
transform = Transform3D(0.989513, -3.68622e-09, -0.144443, 0.0204445, 0.989932, 0.140056, 0.142988, -0.141541, 0.979551, 0, 0.437206, 11.7303)

[node name="DirectionalLight3D" type="DirectionalLight3D" parent="."]
transform = Transform3D(0.322386, 0.854551, -0.407197, -0.544436, 0.519283, 0.658737, 0.774375, 0.00932488, 0.632658, -0.823523, 0, 0)
shadow_enabled = true

[node name="WorldEnvironment" type="WorldEnvironment" parent="."]
environment = SubResource("Environment_d64m3")

[node name="StaticBody3D2" type="StaticBody3D" parent="."]
transform = Transform3D(1, 0, 0, 0, 1, 0, 0, 0, 1, 0, -4.42083, 0)

[node name="MeshInstance3D" type="MeshInstance3D" parent="StaticBody3D2"]
material_override = SubResource("StandardMaterial3D_pwhxc")
mesh = SubResource("BoxMesh_vmflo")

[node name="CollisionShape3D" type="CollisionShape3D" parent="StaticBody3D2"]
shape = SubResource("ConcavePolygonShape3D_yfs2j")

[node name="Rope3D2" type="Rope3D" parent="."]
rope_max_segments = 10
rope_node_b = NodePath("../StaticBody3D")
transform = Transform3D(1, 0, 0, 0, 1, 0, 0, 0, 1, -8.54762, 4.04986, 0.424549)
curve = SubResource("Curve3D_wmxad")

[node name="Rope3D3" type="Rope3D" parent="."]
rope_max_segments = 10
rope_node_b = NodePath("../StaticBody3D")
rope_segment_mass = 0.145
transform = Transform3D(0.993001, 0, -0.118109, 0, 1, 0, 0.118109, 0, 0.993001, 0.992783, 7.19136, 0.424549)
curve = SubResource("Curve3D_aab18")
